Oil data: upstream




Table 3.1
World proven crude oil reserves by country                                                                   (mb)
                                                                                                           change
                                      2020          2021          2022          2023          2024
                                                                                                            24/23
OECD Americas                       45,782        52,195        55,342        53,279        54,644           1,365
Canada1                                4,299         4,817         4,363         4,344         4,344              0
Chile                                    150           150           150           150           150              0
Mexico                                5,498         5,618         5,558         5,293         5,136           –157
United States                        35,835        41,610        45,271        43,492        45,014           1,522
OECD Europe                         12,412        11,772        11,251        11,115        10,399            –716
Denmark                                  441           428           340           346           365             19
Norway                                 7,902         7,745         7,573         7,642        6,912           –730
United Kingdom                        2,500         2,000         1,800         1,500         1,500               0
Others                                1,569         1,599         1,538         1,627         1,622              –5
OECD Asia Pacific                     2,475         1,833         1,890         1,906         1,892            –14
Australia                             2,390         1,747         1,803         1,803         1,803               0
Others                                    85            86            87           103            89            –14
China                               26,023        26,491         27,003        27,889       28,182             293
India                                 4,605         4,489         4,370         4,849         4,981            132
Other Asia                          12,841        12,829        11,315        11,322        11,519             197
Brunei                                1,100         1,100         1,100         1,100         1,100               0
Indonesia                             2,480         2,440         2,250         2,270         2,410             140
Malaysia                              3,600         3,600         2,700         2,700         2,700               0
Vietnam                               4,400         4,400         4,400         4,400         4,400               0
Others                                1,261         1,289            865           852           909             57
Latin America                      330,719       340,481       342,265       343,616       344,883           1,267
Argentina                             2,483         2,411         2,838         2,924         2,999              75
Brazil                               12,715        11,890        13,242        14,856        15,894          1,038
Colombia                              2,036         1,820         2,040         2,074         2,019             –55
Ecuador                               8,273         8,273         8,273         8,273         8,273               0
Venezuela                           303,561       303,468       303,221       303,008       303,221             213
Others                                1,651        12,619        12,651        12,481        12,477              –4
Middle East                        865,519       869,612       871,095       871,182       871,218               36
IR Iran                             208,600       208,600       208,600       208,600       208,600               0
Iraq                                145,019       145,019       145,019       145,019       145,019               0
Kuwait                              101,500       101,500       101,500       101,500       101,500               0
Oman                                  5,373         5,373         4,856         4,905         4,971              66
Qatar                                25,244        25,244        25,244        25,244        25,244               0
Saudi Arabia                        267,082       267,192       267,192       267,230       267,200             –30
United Arab Emirates                107,000       111,000       113,000       113,000       113,000               0
Others                                5,701         5,684         5,684         5,684         5,684               0
Africa                             123,449       119,099       119,050       119,583       119,363            –220
Algeria                              12,200        12,200        12,200        12,200        12,200               0
Angola                                7,231         2,516         2,550         2,550         2,550               0
Congo                                 1,811         1,811         1,811         1,811         1,811               0
Egypt                                 3,075         3,300         3,300         3,300         3,300               0
Equatorial Guinea                     1,100         1,100         1,100         1,100         1,100               0
Gabon                                 2,000         2,000         2,000         2,000         2,000               0
Libya                                48,363        48,363        48,363        48,363        48,363               0
Nigeria                              36,910        37,050        36,967        37,500        37,280           –220
Sudans                                5,000         5,000         5,000         5,000         5,000               0
Others                                5,759         5,759         5,759         5,759         5,759               0
Russia                              80,000        80,000        80,000        80,000        80,000                0
Other Eurasia                       38,874        38,874        38,874        38,874        38,874                0
Azerbaijan                            7,000         7,000         7,000         7,000         7,000               0
Belarus                                  198           198           198           198           198              0
Kazakhstan                           30,000        30,000        30,000        30,000        30,000               0
Turkmenistan                             600           600           600           600           600              0
Ukraine                                  395           395           395           395           395              0
Uzbekistan                               594           594           594           594           594              0
Others                                    87            87            87            87            87              0
Other Europe                            914           914           914           914           914               0
Total world                      1,543,613     1,558,589     1,563,369     1,564,529     1,566,869           2,340
of which
OPEC                              1,235,146     1,239,303     1,240,973     1,241,331     1,241,294            –37
OPEC pecentage                         80.0          79.5          79.4          79.3          79.2
Non-OPEC DoC                        137,758       137,861       136,384       136,168       136,077            –91
DoC                               1,372,904     1,377,164     1,377,357     1,377,499     1,377,371          –128
Non-DoC                             170,709       181,425       186,012       187,030       189,498          2,468
Notes: Figures as at year-end.
1. Data excludes oil sands.

22                                                                                            OPEC Annual Statistical Bulletin 2025
